100 0.05
20 38 85 91
83 90
5 8 53 57 63 67
6 19 22 26
70 100
29 45 51 53 68
2 19 22 23 24 42 93
4 11 32
6 66
16 20 21 53
19 91
2 10 11 13 19 33 54
14 16 60 95
4 13 23 57 92
56 68
17 25 29 94
6 40 69 88 92
27 33 57 83
48 55 58 82 91
25 54 72 82 97
56 57 81 83 86 90 95
14 18 63 84 88 96
20 21 24 40 69 99 100
27 70 89
38 51 56 64 80 97 100
15 65 81 99
62 68 88 97 98
7 10 14 50 62 92
49 62 70 91
24 26 41 43 56 60
17 35 37 55 70 80 85
8 9 12 24 34 79
25 42
15 18 31 47 63 78 79 98
12 17 69 80 81
25 31 100
30 96
67 76 78
1 9 13 80
74 95
3 71 74 97
2 17 38 48 76 94
25 75
11 23 24 28 31 35 43 59 84
2 27 43 46 60 84 96
10 31 47 51 60 67 91
24 95
21 23 66 93
6 12 20 45 71 79 80 82
11 18 41 72 76 92
15 41 84
15 24 26 28 33 70
35 36 56 66 79 83 97
20 23 48 58 61 70 87 100
7 20 76 78
42 55
23 37 96
1 6 17 37 62 92 96
3 6 43 50 53 97
4 22 62
19 23 70 75
11 22 41
3 12 54 95 97
19 20 21 35 40 41 59 76 80
18 35 42
10 24 49 53 68
16 29 42 70 74 87 98
14 24 35 49 56
5 13 21 73 79 93
26 60 67 79 86 96 97 100
21 72 96
15 28 55 67 80 83 92
49 50 59 60
28 47 53
44 46 58 73
22 27 45 73
5 10 27 55 59 73 81 98
16 25 37 45 81 100
9 37 81
37 55 86
5 6 12 13 42 66 75
5 9 16 26 35 89
57 58 72 73 74
32 33 59 61 68 71 96
5 9 19 25 30 81 91
29 77 82 85
15 22 25 60 66
3 9 25 30 40 77
18 39 50 80
22 33 40 42 45 54 55 69 87 99
27 52 77 83
8 16 27 45 50 62 70 79
32 33 47 54
12 51 64 81 89 99
12 15 89 91 96 100
1 38 39 49 81 93
1 62
25 33 36 50 54 55 56 57 58
1 53
23 33 66 95