8 8
11 10 11 10
13 13 12 10
13 13 10 16
5 7 0 15
0 11 1 3
16 0 2 3
11 16 10 13
14 12 13 16
0 10 6 5
6 0 0 3
16 9 13 9
0 5 0 8
0 15 5 7
0 11 2 2
15 14 14 12
0 16 5 4
1 7 0 10
5 6 0 14
11 13 9 16
14 10 10 15
7 0 3 0
10 12 10 15
16 9 9 16
11 0 3 3
10 12 10 12
0 13 4 1
16 15 13 10
16 10 15 10
0 2 6 0
6 1 0 10
14 10 13 10
6 3 0 9
14 10 16 13
2 7 14 0
8 1 14 0
10 13 15 13
9 14 14 14
10 13 13 16
16 16 10 13
7 7 0 13
16 13 14 13
12 15 11 13
10 11 12 13
0 9 1 3
5 3 0 14
12 9 10 14
2 1 10 0
10 0 3 1
11 12 11 14
15 15 13 15
0 14 1 3
9 13 11 13
13 10 14 11
14 10 16 10
12 12 12 10
9 16 16 11
13 10 14 10
13 14 16 14
13 12 10 16
10 9 12 10
1 5 0 13
12 0 4 3
4 7 16 0
11 14 14 11
