8 8
11 10 10 11
13 10 13 12
13 16 13 10
5 15 7 0
0 3 11 1
16 3 0 2
11 13 16 10
14 16 12 13
0 5 10 6
6 3 0 0
16 9 9 13
0 8 5 0
0 7 15 5
0 2 11 2
15 12 14 14
0 4 16 5
1 10 7 0
5 14 6 0
11 16 13 9
14 15 10 10
7 0 0 3
10 15 12 10
16 16 9 9
11 3 0 3
10 12 12 10
0 1 13 4
16 10 15 13
16 10 10 15
0 0 2 6
6 10 1 0
14 10 10 13
6 9 3 0
14 13 10 16
2 0 7 14
8 0 1 14
10 13 13 15
9 14 14 14
10 16 13 13
16 13 16 10
7 13 7 0
16 13 13 14
12 13 15 11
10 13 11 12
0 3 9 1
5 14 3 0
12 14 9 10
2 0 1 10
10 1 0 3
11 14 12 11
15 15 15 13
0 3 14 1
9 13 13 11
13 11 10 14
14 10 10 16
12 10 12 12
9 11 16 16
13 10 10 14
13 14 14 16
13 16 12 10
10 10 9 12
1 13 5 0
12 3 0 4
4 0 7 16
11 11 14 14
